454795
454898
454963
455058
455109
455198
455258
455335
455413
455479
455551
455637
455730
455857
455957
456014
456114
456168
456234
456283
456381
456456
456538
456584
456634
456725
456786
456872
456921
457000
457086
457169
457227
457296
457361
457452
457514
457604
457697
457781
457871
457931
457998
458028
458111
458174
458231
458302
458378
458447
458509
458604
458658
458722
458784
458864
458945
459020
459084
459169
459243
459270
459360
459394
459517
459576
459665
459730
459786
459850
459906
459959
460008
460076
460117
460193
460273
460351
460434
460526
460595
460692
460746
460823
460888
460939
461038
461136
461202
461283
461364
461450
461521
461609
461667
461709
461806
461864
461929
462010
462077
462141
462189
462241
462323
462391
462481
462564
462631
462690
462775
462832
462904
462986
463062
463139
463233
463278
463340
463395
463453
463521
463597
463649
463750
463804
463894
463958
464018
464110
464182
464247
464292
464331
464422
464490
464539
464576
464669
464742
464788
464894
464936
465016
465080
465136
465205
465284
465320
465361
465412
465495
465548
465614
465693
465764
465842
465921
466003
466055
466133
466182
466265
466332
466387
466436
466493
466599
466694
466746
466801
466894
466958
467011
467052
467127
467212
467256
467308
467385
467445
467519
467575
467628
467700
467740
467798
467871
467919
467958
468006
468064
468110
468168
468251
468318
468382
468450
468508
468590
